reference_rocket.position
0.000000000000000000e+00
0.000000000000000000e+00
0.000000000000000000e+00
reference_rocket.attitude
1.000000000000000000e+00,0.000000000000000000e+00,0.000000000000000000e+00
0.000000000000000000e+00,1.000000000000000000e+00,0.000000000000000000e+00
0.000000000000000000e+00,0.000000000000000000e+00,1.000000000000000000e+00
reference_rocket.engine.position
0.000000000000000000e+00
0.000000000000000000e+00
0.000000000000000000e+00
reference_rocket.engine.attitude
1.000000000000000000e+00,0.000000000000000000e+00,0.000000000000000000e+00
0.000000000000000000e+00,1.000000000000000000e+00,0.000000000000000000e+00
0.000000000000000000e+00,0.000000000000000000e+00,1.000000000000000000e+00
reference_rocket.engine.nozzle.position
0.000000000000000000e+00
0.000000000000000000e+00
0.000000000000000000e+00
reference_rocket.engine.nozzle.attitude
1.000000000000000000e+00,0.000000000000000000e+00,0.000000000000000000e+00
0.000000000000000000e+00,1.000000000000000000e+00,0.000000000000000000e+00
0.000000000000000000e+00,0.000000000000000000e+00,1.000000000000000000e+00
reference_rocket.reference_rocket_mesh.position
0.000000000000000000e+00
0.000000000000000000e+00
0.000000000000000000e+00
reference_rocket.reference_rocket_mesh.attitude
1.000000000000000000e+00,0.000000000000000000e+00,0.000000000000000000e+00
0.000000000000000000e+00,1.000000000000000000e+00,0.000000000000000000e+00
0.000000000000000000e+00,0.000000000000000000e+00,1.000000000000000000e+00
reference_rocket.reference_rocket_mesh.mesh
reference_rocket_mesh.stl
